error_code,error_msg,inter_token_latency_s,ttft_s,end_to_end_latency_s,request_output_throughput_token_per_s,number_total_tokens,number_output_tokens,number_input_tokens,tool_call_success,number_tool_calls,tool_call_accuracy,validation_errors,test_case,expected_tool,expected_args_location,extracted_calls,generated_text,model,test_type,timestamp,config_hash,expected_args_to,expected_args_subject,expected_args_body,expected_args_bill_amount,expected_args_tip_percentage,expected_args_unit
,,8.124494622752536,0.09102403401629999,8.133910967037082,36.88262647768816,312,300,12,False,0,0.0,"[""No tool calls found in response""]",What's the weather like in New York City?,get_weather,New York City,,"<think>
Okay, the user is asking about the current weather in New York City. First, I need to check if I have real-time data access. Since I can't access live data, I should inform them that I can't provide up-to-date information. But maybe I can suggest checking a reliable weather service or app. Let me think of some popular ones like the National Weather Service, Weather.com, or apps like AccuWeather. Also, maybe mention that New York City typically has a humid subtropical climate, so depending on the season, the weather can vary. For example, summers are hot and humid, winters can be cold with snow, and spring/fall are mild. But since I don't know the current date, I can't specify the exact conditions. I should make sure to apologize for not being able to provide real-time data and offer alternative solutions. Let me structure the response clearly: start by stating the limitation, suggest checking a weather service, and maybe add a general note about the climate. That should cover it without giving incorrect info.
</think>

I currently don't have access to real-time weather data, so I can't provide the exact current conditions for New York City. However, you can check the latest weather using a reliable source like:

- **National Weather Service (weather.gov)**  
- **AccuWeather**  
- **The Weather Channel (weather.com)**  
- A trusted weather app (e.g., Weather.com, MyRadar,",qwen3:32b,tool_calling,20250701_110659,4ba612fb1e2407697254e1097850e4a6,,,,,,
,,7.5900155858835205,0.05565431097056717,7.620073230995331,36.87628602531106,293,281,12,False,0,0.0,"[""No tool calls found in response""]",What's the weather like in New York City?,get_weather,New York City,,"<think>
Okay, the user is asking about the current weather in New York City. First, I need to check if I have real-time data access. Since I can't access live data, I should inform them that I can't provide up-to-date information. But maybe I can suggest checking a reliable weather service or app. Let me think of some popular ones like the National Weather Service, Weather.com, or apps like AccuWeather. Also, maybe mention that the weather in NYC can be variable, so it's good to check for the latest forecast. I should keep the response helpful and direct them to the right resources without giving outdated info. Let me make sure the tone is friendly and apologetic for not being able to provide the current data.
</think>

I currently don't have access to real-time weather data, so I can't provide the current conditions for New York City. However, you can check the latest forecast using services like:

- **National Weather Service (weather.gov)**
- **AccuWeather**
- **The Weather Channel**
- **Windy.com**
- **Your device’s built-in weather app**

New York City's weather can vary seasonally, so it's always a good idea to check for updates close to your date of interest! Let me know if you'd like tips for preparing for typical NYC weather in a specific season. ☀️🌧️",qwen3:32b,tool_calling,20250701_110659,4ba612fb1e2407697254e1097850e4a6,,,,,,
,,8.129178249218967,0.10317180003039539,8.131365396024194,36.89417279743499,336,300,36,False,0,0.0,"[""No tool calls found in response""]",Send an email to john@example.com with subject 'Meeting Tomorrow' and body 'Don't forget about our meeting at 2 PM tomorrow.',send_email,,,"<think>
Okay, the user wants me to send an email to john@example.com with the subject 'Meeting Tomorrow' and the body 'Don't forget about our meeting at 2 PM tomorrow.' Let me think about how to approach this.

First, I need to make sure I understand the request correctly. They want an email sent with specific details. But wait, as an AI, I can't actually send emails. So I should inform them that I can't perform the action but can help draft the email. That makes sense.

Next, I should check if there are any specific details they might want included. The subject and body are provided, but maybe they want a more formal tone or additional information. However, the user hasn't mentioned that, so sticking to the given content is best unless they ask for modifications.

I should also consider the structure of the email. The subject line is clear, and the body is a reminder. Maybe adding a friendly closing would be nice, like ""Best regards"" or ""Sincerely."" But the user didn't specify, so perhaps just including the provided body as is.

Wait, the user might not be aware that I can't send emails. I need to make that clear in my response. Let me start by stating that I can't send the email but can help draft it. Then provide the draft with the given details. That way, they can copy and paste it into their email client.

Also, checking for any typos or errors in",qwen3:32b,tool_calling,20250701_110659,4ba612fb1e2407697254e1097850e4a6,john@example.com,Meeting Tomorrow,Don't forget about our meeting at 2 PM tomorrow.,,,
,,8.210205855488311,0.07366423803614452,8.215444749046583,36.51658664429769,318,300,18,False,0,0.0,"[""No tool calls found in response""]",Calculate a 20% tip on a $85.50 bill,calculate_tip,,,"<think>
Okay, let's see. I need to calculate a 20% tip on an $85.50 bill. Hmm, how do I do that? Well, percentages can sometimes be tricky, but maybe I can break it down. First, I remember that 10% of any number is just moving the decimal point one place to the left. So 10% of $85.50 would be $8.55. Since 20% is just double 10%, maybe I can just multiply that $8.55 by 2. Let me check that. 

If 10% is $8.55, then 20% would be 8.55 times 2. Let me do that multiplication. 8 times 2 is 16, and 0.55 times 2 is 1.10. Adding those together, 16 + 1.10 equals $17.10. So the tip should be $17.10. 

Wait, let me verify another way to make sure I didn't make a mistake. Another method for calculating percentages is to convert the percentage to a decimal and then multiply by the total. So 20% as a decimal is 0.20. Then, multiplying $85.50 by 0.20. Let me do that calculation. 

First,",qwen3:32b,tool_calling,20250701_110659,4ba612fb1e2407697254e1097850e4a6,,,,85.5,20.0,
,,8.22304232395254,0.05053330201189965,8.22592843300663,36.470047416927024,318,300,18,False,0,0.0,"[""No tool calls found in response""]",Calculate a 20% tip on a $85.50 bill,calculate_tip,,,"<think>
Okay, let's see. I need to calculate a 20% tip on an $85.50 bill. Hmm, percentages can sometimes trip me up, but I think I can figure this out step by step. 

First, I remember that percentages are just another way of expressing fractions out of 100. So 20% is the same as 20 per 100, or 0.20 in decimal form. To find 20% of $85.50, I should multiply 85.50 by 0.20. Let me write that down:

85.50 × 0.20

Now, doing the multiplication. Let me break it down. Maybe I can split 85.50 into 80 and 5.50 to make it easier. 

First, 20% of 80 is straightforward. 10% of 80 is 8, so 20% would be 8 × 2 = 16. 

Then, 20% of 5.50. Let's see, 10% of 5.50 is 0.55, so 20% would be 0.55 × 2 = 1.10. 

Adding those two parts together: 16 + 1.10 =",qwen3:32b,tool_calling,20250701_110659,4ba612fb1e2407697254e1097850e4a6,,,,85.5,20.0,
,,8.18489958596183,0.05402724398300052,8.188072756980546,36.638658314832654,318,300,18,False,0,0.0,"[""No tool calls found in response""]",Calculate a 20% tip on a $85.50 bill,calculate_tip,,,"<think>
Okay, let's see. I need to calculate a 20% tip on an $85.50 bill. Hmm, percentages can sometimes trip me up, but I think I can figure this out step by step. 

First, I remember that a percentage is a fraction of 100. So 20% is the same as 20 per 100, or 0.20 in decimal form. To find 20% of $85.50, I should multiply 85.50 by 0.20. Let me write that down: 85.50 * 0.20. 

Wait, let me make sure I'm doing this right. If I take 10% of 85.50, that's just moving the decimal one place to the left, right? So 10% would be $8.55. Then 20% would be double that, so 8.55 * 2. Let me calculate that. 8.55 times 2 is 17.10. So that would be $17.10. 

But let me check using the decimal multiplication method to confirm. 85.50 multiplied by 0.20. Let's do the math. 

First, 85.50 * 0.2. Let's",qwen3:32b,tool_calling,20250701_110659,4ba612fb1e2407697254e1097850e4a6,,,,85.5,20.0,
,,7.972690386755858,0.06913374701980501,7.974886367039289,37.61809086583591,312,300,12,False,0,0.0,"[""No tool calls found in response""]",What's the weather like in New York City?,get_weather,New York City,,"<think>
Okay, the user is asking about the current weather in New York City. First, I need to check if I have real-time data access. Since I can't access live data, I should inform them that I can't provide up-to-date information. But maybe I can suggest checking a reliable weather service or app. Let me think of some popular ones like the National Weather Service, Weather.com, or apps like AccuWeather. Also, maybe mention that New York City typically has a humid subtropical climate, so depending on the season, the weather can vary. For example, summers are hot and humid, winters can be cold with snow, and spring/fall have mild temperatures. But since I don't know the current date, I can't specify the exact conditions. I should make sure to apologize for not being able to give real-time data and offer alternative solutions. Let me structure the response clearly: start by stating the limitation, suggest checking a weather service, and maybe add a general note about the typical climate. That should cover it without overstepping my capabilities.
</think>

I currently don't have access to real-time weather data, so I can't provide the exact current conditions for New York City. However, you can check the latest weather using a trusted source like:

- **National Weather Service (weather.gov)**
- **AccuWeather** or **Weather.com**
- A weather app on your phone (e.g., Apple Weather, Google Weather)

###",qwen3:32b,tool_calling,20250701_110659,4ba612fb1e2407697254e1097850e4a6,,,,,,
,,8.46597957238555,0.08079520903993398,8.469376974040642,35.421731836890174,326,300,26,False,0,0.0,"[""No tool calls found in response""]",How much should I tip on a $42.75 restaurant bill if I want to tip 18%?,calculate_tip,,,"<think>
Okay, so I need to figure out how much to tip on a $42.75 restaurant bill if I want to leave an 18% tip. Let me think about how to approach this. 

First, I remember that calculating a percentage of a number involves multiplying the number by the percentage rate. But I need to make sure I convert the percentage to its decimal form. So 18% would be 0.18 in decimal. 

Let me write that down. The total bill is $42.75, and the tip percentage is 18%. So the tip amount should be 42.75 multiplied by 0.18. 

Wait, let me check if that's correct. Yes, because percentage means per hundred, so 18% is 18 per 100, which is 0.18. So multiplying the total by 0.18 should give the tip amount. 

Now, let me do the multiplication. Hmm, 42.75 times 0.18. Let me break this down to make it easier. Maybe I can split 0.18 into 0.1 and 0.08. So first calculate 10% of 42.75, which is 4.275, and then 8% of 42.75. 

Calculating 8%:",qwen3:32b,tool_calling,20250701_110659,4ba612fb1e2407697254e1097850e4a6,,,,42.75,18.0,
,,8.081913483445533,0.07325889397179708,8.084403635992203,37.108488579712144,312,300,12,False,0,0.0,"[""No tool calls found in response""]",What's the weather like in New York City?,get_weather,New York City,,"<think>
Okay, the user is asking about the current weather in New York City. First, I need to check if I can access real-time data. Since I can't browse the internet, I can't provide live weather updates. I should inform them that I can't give real-time info. But maybe I can offer some general advice. Let me think... I can suggest checking a reliable weather website or app like the National Weather Service, Weather.com, or a trusted app like AccuWeather or the Weather Channel. Also, maybe mention typical weather patterns for different seasons in NYC. For example, if it's summer, it's usually hot and humid, with occasional thunderstorms. In winter, it can be cold with snow. Spring and fall are more variable. But I need to be careful not to assume the current season. Wait, the user didn't specify a time, so maybe just stick to advising them to check a real-time source. Also, maybe mention that NYC weather can be unpredictable, so it's good to have an umbrella or a jacket. Let me structure the response: start by stating I can't provide real-time data, then suggest sources, and maybe add a note about typical conditions. Make sure it's helpful and clear.
</think>

I can't provide real-time weather updates, but here's how to check the current conditions in New York City:

1. **Use a Weather App/Website**:  
   - Apps like [AccuWeather](https://",qwen3:32b,tool_calling,20250701_110659,4ba612fb1e2407697254e1097850e4a6,,,,,,
,,8.025510762352496,0.07025117502780631,8.029146551038139,37.36387150153725,326,300,26,False,0,0.0,"[""No tool calls found in response""]",How much should I tip on a $42.75 restaurant bill if I want to tip 18%?,calculate_tip,,,"<think>
Okay, so I need to figure out how much to tip on a $42.75 restaurant bill if I want to leave an 18% tip. Let me think about how to approach this. 

First, I remember that calculating a percentage of a number involves multiplying the number by the percentage rate. But I need to make sure I convert the percentage to its decimal form. So 18% would be 0.18 in decimal. 

Let me write that down. The total bill is $42.75, and the tip percentage is 18%. So the tip amount should be 42.75 multiplied by 0.18. 

Wait, let me check if that's correct. Yes, because percentage means per hundred, so 18% is 18 per 100, which is 0.18. Multiplying the total by that decimal gives the tip amount. 

Now, let me do the multiplication. Hmm, 42.75 times 0.18. Let me break this down to make sure I don't make a mistake. 

First, maybe I can think of 42.75 as 40 + 2.75. Then multiply each part by 0.18 and add them together. 

Calculating 40 * 0.18 first. 40 times 0.1 is ",qwen3:32b,tool_calling,20250701_110659,4ba612fb1e2407697254e1097850e4a6,,,,42.75,18.0,
,,7.993244852812495,0.07770348101621494,7.99987791699823,37.50057227280389,314,300,14,False,0,0.0,"[""No tool calls found in response""]",What's the temperature in Los Angeles in Celsius?,get_weather,Los Angeles,,"<think>
Okay, the user is asking for the current temperature in Los Angeles in Celsius. First, I need to figure out the current temperature there. Since I can't access real-time data, I should mention that I can't provide live weather updates. But maybe I can give them a general idea based on typical conditions.

Los Angeles has a Mediterranean climate, so it's usually mild. In summer, temperatures might range from 20°C to 30°C, and in winter, maybe 10°C to 20°C. But I should check if there's any recent data I can reference. Wait, the last time I checked, maybe around a year ago, the average was around 22°C. But that's just an average. I should also consider that the user might need the current temperature for planning activities, so it's important to advise them to check a reliable weather service for the most up-to-date info.

I should structure the response by first stating that I can't provide real-time data, then give a general range based on typical conditions, and finally suggest checking a weather website or app. Also, make sure to mention that the temperature can vary depending on the season and current weather patterns. Avoid giving specific numbers without a source, as that could be misleading. Keep the tone helpful and informative.
</think>

I can't provide real-time weather data, but I can share that **Los Angeles typically has a mild Mediterranean climate**. Current temperatures can vary",qwen3:32b,tool_calling,20250701_110659,4ba612fb1e2407697254e1097850e4a6,,,,,,celsius
,,8.003801906888839,0.06639189599081874,8.006345344008878,37.470279773091356,312,300,12,False,0,0.0,"[""No tool calls found in response""]",What's the weather like in New York City?,get_weather,New York City,,"<think>
Okay, the user is asking about the current weather in New York City. First, I need to check if I have real-time data access. Since I can't access live data, I should inform them that I can't provide up-to-date information. But maybe I can suggest checking a reliable weather service or app. Let me think of some popular ones like the National Weather Service, Weather.com, or apps like AccuWeather or the Weather Channel. Also, maybe mention that New York City typically has a humid subtropical climate with four distinct seasons. So, depending on the current season, the weather might be something specific. But since I don't know the exact date, I can't specify. I should also remind them to check for any severe weather alerts if they're planning to go out. Let me structure the response to be helpful and guide them to the right resources.
</think>

I currently don't have access to real-time weather data, but you can check the latest forecast for New York City using a trusted weather service like:

- **National Weather Service (weather.gov)**  
- **Weather.com**  
- **AccuWeather**  
- **The Weather Channel app**  
- **Your device’s built-in weather app**  

New York City typically experiences **humid subtropical weather** with hot, humid summers and cold, snowy winters. If you’re checking during a specific season, here’s a general idea:  
- **Summer (June–August):",qwen3:32b,tool_calling,20250701_110659,4ba612fb1e2407697254e1097850e4a6,,,,,,
,,7.38694542349549,0.05137592297978699,7.41618026298238,37.081083556268645,287,275,12,False,0,0.0,"[""No tool calls found in response""]",What's the weather like in New York City?,get_weather,New York City,,"<think>
Okay, the user is asking about the current weather in New York City. First, I need to check if I have real-time data access. Since I can't access live weather information directly, I should inform them about that. But maybe I can guide them on how to find it themselves. Let me think of the best way to respond.

I should start by acknowledging the request and explaining my limitations. Then, suggest reliable sources like weather websites or apps. Maybe mention specific services like the National Weather Service, Weather.com, or apps like AccuWeather. Also, if they have a smartphone, using the built-in weather app might work. I should keep the tone helpful and not leave them hanging. Make sure to offer further assistance if they need something else. Let me put that together clearly.
</think>

I currently don't have access to real-time weather data, but you can check the current weather in New York City using services like:

- **National Weather Service (weather.gov)**  
- **Weather.com**  
- **AccuWeather**  
- **The Weather Channel app**  
- **Your smartphone’s built-in weather app**  

For the most accurate and up-to-date forecast, including temperature, precipitation, and wind conditions, I recommend checking one of these sources. Let me know if you'd like help with anything else! 🌆🌤️",qwen3:32b,tool_calling,20250701_110659,4ba612fb1e2407697254e1097850e4a6,,,,,,
,,8.483341431536246,0.052951131016016006,8.486775095982011,35.349116314161826,312,300,12,False,0,0.0,"[""No tool calls found in response""]",What's the weather like in New York City?,get_weather,New York City,,"<think>
Okay, the user is asking about the current weather in New York City. First, I need to check if I have real-time data access. Since I can't access live data, I should inform them that I can't provide up-to-date information. But maybe I can suggest checking a reliable weather service or app. Let me think of some popular ones like the National Weather Service, Weather.com, or apps like AccuWeather or the Weather Channel. Also, maybe mention checking their phone's built-in weather app. It's important to be clear and helpful, even if I can't give the exact current conditions. I should also consider if they might need a forecast for the next few days, but again, without real-time data, I can't provide that. So the main points are: apologize for not being able to give current weather, suggest checking specific services or apps, and offer to help with general advice if they have more specific questions. Let me put that together in a friendly and concise way.
</think>

I currently don't have access to real-time weather data, so I can't provide the exact current conditions for New York City. However, you can check the latest weather using services like:

- **National Weather Service (weather.gov)**
- **Weather.com (The Weather Channel)**
- **AccuWeather**
- **Your phone’s built-in weather app** (e.g., Apple Weather or Google Weather)

Let me know if you’d like tips for",qwen3:32b,tool_calling,20250701_110659,4ba612fb1e2407697254e1097850e4a6,,,,,,
,,8.247809348045848,0.07846143399365246,8.249748267990071,36.364745960071645,318,300,18,False,0,0.0,"[""No tool calls found in response""]",Calculate a 20% tip on a $85.50 bill,calculate_tip,,,"<think>
Okay, let's see. I need to calculate a 20% tip on an $85.50 bill. Hmm, percentages can sometimes trip me up, but I think I can figure this out step by step. 

First, I remember that percentages are just another way of expressing fractions or decimals. So 20% is the same as 0.20 in decimal form. To find 20% of $85.50, I should multiply 85.50 by 0.20. Let me write that down: 85.50 * 0.20. 

Wait, maybe there's another way to think about it. If 10% is easy to calculate, then maybe I can double it to get 20%. Let me try that. 10% of $85.50 is just moving the decimal point one place to the left, right? So 10% would be $8.55. Then, doubling that gives me $8.55 * 2 = $17.10. So the tip should be $17.10. 

But let me check my first method to make sure. Multiplying 85.50 by 0.20. Let's do that. 85.50 times 0.2. Let me break it down. 80 * ",qwen3:32b,tool_calling,20250701_110659,4ba612fb1e2407697254e1097850e4a6,,,,85.5,20.0,
,,8.227220672473777,0.05248893197858706,8.229061102960259,36.45616386200855,318,300,18,False,0,0.0,"[""No tool calls found in response""]",Calculate a 20% tip on a $85.50 bill,calculate_tip,,,"<think>
Okay, let's see. I need to calculate a 20% tip on an $85.50 bill. Hmm, percentages can sometimes trip me up, but I think I can figure this out step by step. 

First, I remember that percentages are just another way of expressing fractions out of 100. So 20% is the same as 20 per 100, or 0.20 in decimal form. To find 20% of $85.50, I should multiply 85.50 by 0.20. Let me write that down:

85.50 × 0.20

Wait, let me make sure I'm doing this right. Multiplying by 0.20 is the same as multiplying by 20 and then dividing by 100, right? So maybe breaking it down could help. Let's try that. 

First, take 85.50 and multiply by 20. Hmm, 85.50 × 20. Well, 85 × 20 is 1700, and 0.50 × 20 is 10. So adding those together, 1700 + 10 = 1710. Then, since we multiplied by 20 instead of 0.20, we need",qwen3:32b,tool_calling,20250701_110659,4ba612fb1e2407697254e1097850e4a6,,,,85.5,20.0,
,,8.7211217492586,0.07387055101571605,8.72374576999573,34.38889760311606,326,300,26,False,0,0.0,"[""No tool calls found in response""]",How much should I tip on a $42.75 restaurant bill if I want to tip 18%?,calculate_tip,,,"<think>
Okay, so I need to figure out how much to tip on a $42.75 bill if I want to leave an 18% tip. Let me think about how to approach this. Percentages can sometimes be tricky, but I remember that to find a percentage of a number, you can multiply the number by the percentage in decimal form. 

First, I should convert 18% to a decimal. To do that, I divide by 100. So 18 divided by 100 is 0.18. Got that part. Now, I need to multiply the total bill, which is $42.75, by 0.18. Let me write that out: 42.75 * 0.18. 

Hmm, let me do the multiplication step by step. Maybe breaking it down would help. Let's see, 42.75 times 0.1 is 4.275, and 42.75 times 0.08 is... wait, because 0.18 is 0.1 + 0.08. So if I can calculate both parts and add them together, that might be easier. 

Calculating 42.75 * 0.1 first. That's straightforward: moving the decimal one place to the left gives 4.275. Then, ",qwen3:32b,tool_calling,20250701_110659,4ba612fb1e2407697254e1097850e4a6,,,,42.75,18.0,
,,8.64658343262272,0.05531113297911361,8.649170022981707,34.68540902801888,326,300,26,False,0,0.0,"[""No tool calls found in response""]",How much should I tip on a $42.75 restaurant bill if I want to tip 18%?,calculate_tip,,,"<think>
Okay, so I need to figure out how much to tip on a $42.75 restaurant bill if I want to leave an 18% tip. Let me think about how to approach this. 

First, I remember that calculating a percentage of a number involves multiplying the number by the percentage rate. But I need to make sure I convert the percentage to its decimal form. So 18% would be 0.18 in decimal. 

Let me write that down. The total bill is $42.75, and the tip percentage is 18%. So the tip amount should be 42.75 multiplied by 0.18. 

Wait, let me check if that's correct. If I take 10% of 42.75, that's 4.275, right? And 10% times 1.8 would be 18%, so maybe I can break it down into smaller parts to make it easier. 

Alternatively, maybe I can just do the multiplication directly. Let me try that. 

So 42.75 times 0.18. Hmm. Let me do this step by step. 

First, I can think of 0.18 as 0.1 + 0.08. So maybe calculate 10% and 8% and add them together. 

10% of 4",qwen3:32b,tool_calling,20250701_110659,4ba612fb1e2407697254e1097850e4a6,,,,42.75,18.0,
,,8.875171781983227,0.07495195098454133,8.881759758980479,33.77709014214954,312,300,12,False,0,0.0,"[""No tool calls found in response""]",What's the weather like in New York City?,get_weather,New York City,,"<think>
Okay, the user is asking about the current weather in New York City. First, I need to check if I have real-time data access. Since I can't access live data, I can't provide up-to-date information. I should inform them about that. Maybe suggest checking a reliable weather service or app. Also, mention typical weather patterns for the current season if possible. Let me think, what's the current season? If it's summer, it's usually hot and humid. Winter would be cold with possible snow. Spring and fall can be variable. But without knowing the exact date, I can't be specific. So, I'll have to explain that I can't give real-time data and suggest alternatives. Make sure the response is helpful and polite.
</think>

I currently don't have access to real-time weather data, so I can't provide the exact current conditions for New York City. However, you can check the latest weather using a trusted weather service like the **National Weather Service (weather.gov)**, **AccuWeather**, **Windy**, or a weather app on your phone. 

If you'd like, I can describe **typical weather patterns** for New York City based on the season:
- **Summer (June–August):** Hot, humid, with occasional thunderstorms. Highs often reach 85–95°F (29–35°C).
- **Winter (December–February):** Cold, with temperatures around",qwen3:32b,tool_calling,20250701_110659,4ba612fb1e2407697254e1097850e4a6,,,,,,
,,8.066175581363495,0.07398678798926994,8.067983444954734,37.184012838747606,326,300,26,False,0,0.0,"[""No tool calls found in response""]",How much should I tip on a $42.75 restaurant bill if I want to tip 18%?,calculate_tip,,,"<think>
Okay, so I need to figure out how much to tip on a $42.75 bill if I want to leave an 18% tip. Let me think about how to approach this. Percentages can sometimes be tricky, but I remember that to find a percentage of a number, you can multiply the number by the percentage (as a decimal). 

First, I should convert 18% to its decimal form. To do that, I divide by 100. So 18 divided by 100 is 0.18. Got that part. Now, the next step is to multiply the total bill by this decimal to find the tip amount. The bill is $42.75, so I need to calculate 42.75 times 0.18. 

Let me write that out: 42.75 * 0.18. Hmm, doing this multiplication step by step might help. Maybe I can break it down. Let's see, 42.75 times 0.1 is 4.275, and 42.75 times 0.08 is... wait, 0.18 is 0.1 + 0.08, right? So if I can find 10% and 8%, then add them together, that might be easier. 

Calculating 10% of",qwen3:32b,tool_calling,20250701_110659,4ba612fb1e2407697254e1097850e4a6,,,,42.75,18.0,
,,8.277878994587809,0.06568467599572614,8.281685491965618,36.2245101303402,318,300,18,False,0,0.0,"[""No tool calls found in response""]",Calculate a 20% tip on a $85.50 bill,calculate_tip,,,"<think>
Okay, let's see. I need to calculate a 20% tip on an $85.50 bill. Hmm, how do I do that? Well, percentages can sometimes be tricky, but I think there's a straightforward way. First, I remember that 10% of any number is just moving the decimal point one place to the left. So, 10% of $85.50 would be $8.55. Since 20% is just double 10%, maybe I can just multiply that 10% by 2. Let me check that.

So, 10% is $8.55. If I double that, it would be $8.55 * 2. Let me do the multiplication. 8 times 2 is 16, and 0.55 times 2 is 1.10. Adding those together, 16 + 1.10 is $17.10. So, 20% of $85.50 should be $17.10. 

Wait, let me verify that another way to make sure I didn't make a mistake. Another method is to convert the percentage to a decimal and multiply. 20% as a decimal is 0.20. So, multiplying $85.50 by 0.20. Let's do that",qwen3:32b,tool_calling,20250701_110659,4ba612fb1e2407697254e1097850e4a6,,,,85.5,20.0,
,,8.390465110191144,0.07605296798283234,8.39224335696781,35.74729511995379,326,300,26,False,0,0.0,"[""No tool calls found in response""]",How much should I tip on a $42.75 restaurant bill if I want to tip 18%?,calculate_tip,,,"<think>
Okay, let me figure out how much to tip on a $42.75 bill with an 18% tip. Hmm, percentages can sometimes be tricky, but I think I can handle this. First, I need to calculate 18% of $42.75. 

Let me recall, percentage means per hundred, so 18% is the same as 0.18 in decimal form. To find 18% of the bill, I should multiply the total bill by 0.18. So, the calculation would be 42.75 multiplied by 0.18. 

Wait, let me write that down step by step. Maybe breaking it down will help. 42.75 times 0.18. Let me think about how to do this multiplication. Maybe I can split 0.18 into 0.1 and 0.08, then add the two results together. 

First, 42.75 times 0.1 is straightforward. That's just moving the decimal one place to the left, right? So 42.75 times 0.1 is 4.275. 

Then, 42.75 times 0.08. Hmm, how do I calculate that? Well, 0.08 is 8 hundredths, so maybe I can calculate 42",qwen3:32b,tool_calling,20250701_110659,4ba612fb1e2407697254e1097850e4a6,,,,42.75,18.0,
,,8.05267675651703,0.0697587970062159,8.05669586500153,37.236108328627225,314,300,14,False,0,0.0,"[""No tool calls found in response""]",What's the temperature in Los Angeles in Celsius?,get_weather,Los Angeles,,"<think>
Okay, the user is asking for the current temperature in Los Angeles in Celsius. First, I need to figure out the current temperature there. Since I don't have real-time data access, I can't provide live weather updates. I should check if there's a way to get the latest info. Maybe suggest they check a weather website or app like Weather.com, AccuWeather, or a search engine's weather feature. Also, mention that temperatures can vary based on the time of day and location within LA. Maybe give a general idea of typical temperatures if I don't have the exact number. For example, Los Angeles usually has mild weather, maybe around 20-25°C in spring or fall. But I should be clear that this is just an example and not the current temperature. Make sure to apologize for not being able to provide real-time data and direct them to reliable sources. Keep the response helpful and polite.
</think>

I currently don't have access to real-time weather data, so I can't provide the exact current temperature in Los Angeles. However, you can check the latest temperature using a weather service like [Weather.com](https://www.weather.com), [AccuWeather](https://www.accuweather.com), or by searching ""Los Angeles weather"" on Google or your device's weather app. 

Los Angeles typically has mild, Mediterranean-like weather, with average temperatures ranging from **15°C to 25°C (59°F to",qwen3:32b,tool_calling,20250701_110659,4ba612fb1e2407697254e1097850e4a6,,,,,,celsius
,,7.9844069192186,0.06280615803552791,7.9860758960130624,37.56538303746535,318,300,18,False,0,0.0,"[""No tool calls found in response""]",Calculate a 20% tip on a $85.50 bill,calculate_tip,,,"<think>
Okay, let's see. I need to calculate a 20% tip on an $85.50 bill. Hmm, percentages can sometimes trip me up, but I think I can figure this out step by step. 

First, I remember that percentages are just another way of expressing fractions or decimals. So 20% is the same as 0.20 in decimal form. To find 20% of $85.50, I should multiply 85.50 by 0.20. Let me write that down: 85.50 * 0.20. 

Wait, maybe there's another way to think about it. If 10% is easy to calculate, then maybe I can double it for 20%. Let me try that. 10% of $85.50 is just moving the decimal point one place to the left, right? So 10% would be $8.55. Then 20% would be double that, so $8.55 * 2. Let me do that multiplication. 8.55 times 2 is 17.10. So that would be $17.10. 

But let me check that with the decimal method to make sure I didn't make a mistake. So 85.50 multiplied by 0.20. Let's",qwen3:32b,tool_calling,20250701_110659,4ba612fb1e2407697254e1097850e4a6,,,,85.5,20.0,
,,8.71994622744387,0.06775738799478859,8.723917945986614,34.38821890089111,314,300,14,False,0,0.0,"[""No tool calls found in response""]",What's the temperature in Los Angeles in Celsius?,get_weather,Los Angeles,,"<think>
Okay, the user is asking for the current temperature in Los Angeles in Celsius. First, I need to figure out the current temperature there. Since I don't have real-time data access, I can't provide live weather updates. I should check if there's a way to get the latest info. Maybe suggest they check a reliable weather website or app like Weather.com, AccuWeather, or a search engine's weather feature. Also, mention that temperatures can vary based on the time of day and location within LA. Maybe give a general idea of typical temperatures if I don't have the exact number. For example, Los Angeles usually has mild weather, maybe around 20-25°C in spring or fall. But I should be clear that this is an estimate. Make sure to advise them to use a real-time source for the most accurate information. Also, if they need help converting Fahrenheit to Celsius, I can explain the formula. Let me structure the response to be helpful and direct them to the right resources.
</think>

I currently don't have access to real-time weather data, but you can easily check the current temperature in Los Angeles using a reliable weather service like:

- **Weather.com** (weather.com)
- **AccuWeather** (accuweather.com)
- **Google Weather** (search ""Los Angeles weather"" on Google)
- **Your device's built-in weather app**

Los Angeles typically has mild weather year-round, with average temperatures ranging from",qwen3:32b,tool_calling,20250701_110659,4ba612fb1e2407697254e1097850e4a6,,,,,,celsius
